1  1  0
2  1  0
3  1  0
4  1  0
5  1  0
6  1  0
7  1  0
8  1  0
9  1  0
10  1  0
11  1  0
12  1  0
13  1  0
14  1  0
15  1  0
16  1  0
17  1  0
18  1  0
19  1  0
20  1  0
21  1  0
22  1  0
23  1  0
24  1  0
25  1  0
26  1  0
27  1  0
28  1  0
1  2  0
2  2  0
3  2  0
4  2  0
5  2  0
6  2  0
7  2  0
8  2  0
9  2  0
10  2  0
11  2  0
12  2  0
13  2  0
14  2  0
15  2  0
16  2  0
17  2  0
18  2  0
19  2  0
20  2  0
21  2  0
22  2  0
23  2  0
24  2  0
25  2  0
26  2  0
27  2  0
28  2  0
1  3  0
2  3  0
3  3  0
4  3  0
5  3  0
6  3  0
7  3  0
8  3  0
9  3  0
10  3  0
11  3  0
12  3  0
13  3  118
14  3  188
15  3  19
16  3  0
17  3  0
18  3  0
19  3  0
20  3  0
21  3  0
22  3  0
23  3  0
24  3  0
25  3  0
26  3  0
27  3  0
28  3  0
1  4  0
2  4  0
3  4  0
4  4  0
5  4  0
6  4  0
7  4  0
8  4  0
9  4  0
10  4  0
11  4  0
12  4  54
13  4  250
14  4  254
15  4  77
16  4  0
17  4  0
18  4  0
19  4  0
20  4  0
21  4  0
22  4  0
23  4  0
24  4  0
25  4  0
26  4  0
27  4  0
28  4  0
1  5  0
2  5  0
3  5  0
4  5  0
5  5  0
6  5  0
7  5  0
8  5  0
9  5  0
10  5  0
11  5  18
12  5  236
13  5  254
14  5  248
15  5  49
16  5  0
17  5  0
18  5  0
19  5  0
20  5  0
21  5  0
22  5  0
23  5  0
24  5  0
25  5  0
26  5  0
27  5  0
28  5  0
1  6  0
2  6  0
3  6  0
4  6  0
5  6  0
6  6  0
7  6  0
8  6  0
9  6  0
10  6  0
11  6  177
12  6  254
13  6  254
14  6  119
15  6  0
16  6  0
17  6  0
18  6  0
19  6  0
20  6  0
21  6  0
22  6  0
23  6  0
24  6  0
25  6  0
26  6  0
27  6  0
28  6  0
1  7  0
2  7  0
3  7  0
4  7  0
5  7  0
6  7  0
7  7  0
8  7  0
9  7  0
10  7  50
11  7  249
12  7  254
13  7  200
14  7  7
15  7  0
16  7  0
17  7  0
18  7  0
19  7  0
20  7  0
21  7  0
22  7  0
23  7  0
24  7  0
25  7  0
26  7  0
27  7  0
28  7  0
1  8  0
2  8  0
3  8  0
4  8  0
5  8  0
6  8  0
7  8  0
8  8  0
9  8  0
10  8  160
11  8  254
12  8  254
13  8  36
14  8  0
15  8  0
16  8  0
17  8  0
18  8  0
19  8  0
20  8  0
21  8  0
22  8  0
23  8  0
24  8  0
25  8  0
26  8  0
27  8  0
28  8  0
1  9  0
2  9  0
3  9  0
4  9  0
5  9  0
6  9  0
7  9  0
8  9  0
9  9  54
10  9  253
11  9  254
12  9  203
13  9  4
14  9  0
15  9  0
16  9  0
17  9  0
18  9  0
19  9  0
20  9  3
21  9  81
22  9  149
23  9  75
24  9  19
25  9  0
26  9  0
27  9  0
28  9  0
1  10  0
2  10  0
3  10  0
4  10  0
5  10  0
6  10  0
7  10  0
8  10  0
9  10  100
10  10  254
11  10  253
12  10  119
13  10  0
14  10  0
15  10  0
16  10  0
17  10  0
18  10  0
19  10  4
20  10  138
21  10  254
22  10  254
23  10  254
24  10  165
25  10  21
26  10  0
27  10  0
28  10  0
1  11  0
2  11  0
3  11  0
4  11  0
5  11  0
6  11  0
7  11  0
8  11  88
9  11  235
10  11  254
11  11  230
12  11  0
13  11  0
14  11  0
15  11  0
16  11  0
17  11  0
18  11  0
19  11  142
20  11  254
21  11  254
22  11  242
23  11  174
24  11  254
25  11  125
26  11  0
27  11  0
28  11  0
1  12  0
2  12  0
3  12  0
4  12  0
5  12  0
6  12  0
7  12  0
8  12  126
9  12  254
10  12  254
11  12  175
12  12  0
13  12  0
14  12  0
15  12  0
16  12  0
17  12  0
18  12  92
19  12  254
20  12  254
21  12  195
22  12  21
23  12  1
24  12  169
25  12  235
26  12  36
27  12  0
28  12  0
1  13  0
2  13  0
3  13  0
4  13  0
5  13  0
6  13  0
7  13  0
8  13  167
9  13  254
10  13  251
11  13  54
12  13  0
13  13  0
14  13  0
15  13  0
16  13  0
17  13  12
18  13  209
19  13  254
20  13  241
21  13  16
22  13  0
23  13  0
24  13  86
25  13  254
26  13  62
27  13  0
28  13  0
1  14  0
2  14  0
3  14  0
4  14  0
5  14  0
6  14  0
7  14  0
8  14  222
9  14  254
10  14  197
11  14  0
12  14  0
13  14  0
14  14  0
15  14  0
16  14  0
17  14  140
18  14  254
19  14  241
20  14  68
21  14  0
22  14  0
23  14  0
24  14  133
25  14  254
26  14  62
27  14  0
28  14  0
1  15  0
2  15  0
3  15  0
4  15  0
5  15  0
6  15  0
7  15  59
8  15  252
9  15  254
10  15  180
11  15  0
12  15  0
13  15  0
14  15  0
15  15  0
16  15  43
17  15  233
18  15  254
19  15  195
20  15  0
21  15  0
22  15  0
23  15  1
24  15  179
25  15  207
26  15  5
27  15  0
28  15  0
1  16  0
2  16  0
3  16  0
4  16  0
5  16  0
6  16  0
7  16  139
8  16  254
9  16  254
10  16  101
11  16  0
12  16  0
13  16  0
14  16  0
15  16  0
16  16  148
17  16  254
18  16  252
19  16  38
20  16  0
21  16  0
22  16  0
23  16  122
24  16  254
25  16  85
26  16  0
27  16  0
28  16  0
1  17  0
2  17  0
3  17  0
4  17  0
5  17  0
6  17  0
7  17  131
8  17  254
9  17  254
10  17  128
11  17  0
12  17  0
13  17  0
14  17  0
15  17  0
16  17  241
17  17  254
18  17  177
19  17  0
20  17  0
21  17  0
22  17  81
23  17  235
24  17  182
25  17  10
26  17  0
27  17  0
28  17  0
1  18  0
2  18  0
3  18  0
4  18  0
5  18  0
6  18  0
7  18  63
8  18  255
9  18  254
10  18  227
11  18  50
12  18  0
13  18  0
14  18  0
15  18  0
16  18  241
17  18  254
18  18  189
19  18  33
20  18  35
21  18  199
22  18  252
23  18  223
24  18  43
25  18  0
26  18  0
27  18  0
28  18  0
1  19  0
2  19  0
3  19  0
4  19  0
5  19  0
6  19  0
7  19  15
8  19  191
9  19  254
10  19  254
11  19  249
12  19  128
13  19  9
14  19  1
15  19  0
16  19  204
17  19  254
18  19  254
19  19  245
20  19  243
21  19  254
22  19  254
23  19  57
24  19  0
25  19  0
26  19  0
27  19  0
28  19  0
1  20  0
2  20  0
3  20  0
4  20  0
5  20  0
6  20  0
7  20  0
8  20  126
9  20  254
10  20  254
11  20  254
12  20  254
13  20  254
14  20  179
15  20  164
16  20  250
17  20  254
18  20  254
19  20  254
20  20  254
21  20  254
22  20  230
23  20  21
24  20  0
25  20  0
26  20  0
27  20  0
28  20  0
1  21  0
2  21  0
3  21  0
4  21  0
5  21  0
6  21  0
7  21  0
8  21  14
9  21  63
10  21  190
11  21  254
12  21  254
13  21  254
14  21  254
15  21  254
16  21  254
17  21  254
18  21  244
19  21  221
20  21  217
21  21  125
22  21  33
23  21  0
24  21  0
25  21  0
26  21  0
27  21  0
28  21  0
1  22  0
2  22  0
3  22  0
4  22  0
5  22  0
6  22  0
7  22  0
8  22  0
9  22  0
10  22  15
11  22  108
12  22  158
13  22  158
14  22  158
15  22  194
16  22  158
17  22  117
18  22  44
19  22  0
20  22  0
21  22  0
22  22  0
23  22  0
24  22  0
25  22  0
26  22  0
27  22  0
28  22  0
1  23  0
2  23  0
3  23  0
4  23  0
5  23  0
6  23  0
7  23  0
8  23  0
9  23  0
10  23  0
11  23  0
12  23  0
13  23  0
14  23  0
15  23  0
16  23  0
17  23  0
18  23  0
19  23  0
20  23  0
21  23  0
22  23  0
23  23  0
24  23  0
25  23  0
26  23  0
27  23  0
28  23  0
1  24  0
2  24  0
3  24  0
4  24  0
5  24  0
6  24  0
7  24  0
8  24  0
9  24  0
10  24  0
11  24  0
12  24  0
13  24  0
14  24  0
15  24  0
16  24  0
17  24  0
18  24  0
19  24  0
20  24  0
21  24  0
22  24  0
23  24  0
24  24  0
25  24  0
26  24  0
27  24  0
28  24  0
1  25  0
2  25  0
3  25  0
4  25  0
5  25  0
6  25  0
7  25  0
8  25  0
9  25  0
10  25  0
11  25  0
12  25  0
13  25  0
14  25  0
15  25  0
16  25  0
17  25  0
18  25  0
19  25  0
20  25  0
21  25  0
22  25  0
23  25  0
24  25  0
25  25  0
26  25  0
27  25  0
28  25  0
1  26  0
2  26  0
3  26  0
4  26  0
5  26  0
6  26  0
7  26  0
8  26  0
9  26  0
10  26  0
11  26  0
12  26  0
13  26  0
14  26  0
15  26  0
16  26  0
17  26  0
18  26  0
19  26  0
20  26  0
21  26  0
22  26  0
23  26  0
24  26  0
25  26  0
26  26  0
27  26  0
28  26  0
1  27  0
2  27  0
3  27  0
4  27  0
5  27  0
6  27  0
7  27  0
8  27  0
9  27  0
10  27  0
11  27  0
12  27  0
13  27  0
14  27  0
15  27  0
16  27  0
17  27  0
18  27  0
19  27  0
20  27  0
21  27  0
22  27  0
23  27  0
24  27  0
25  27  0
26  27  0
27  27  0
28  27  0
1  28  0
2  28  0
3  28  0
4  28  0
5  28  0
6  28  0
7  28  0
8  28  0
9  28  0
10  28  0
11  28  0
12  28  0
13  28  0
14  28  0
15  28  0
16  28  0
17  28  0
18  28  0
19  28  0
20  28  0
21  28  0
22  28  0
23  28  0
24  28  0
25  28  0
26  28  0
27  28  0
28  28  0
