1  1  0
2  1  0
3  1  0
4  1  0
5  1  0
6  1  0
7  1  0
8  1  0
9  1  0
10  1  0
11  1  0
12  1  0
13  1  0
14  1  0
15  1  0
16  1  0
17  1  0
18  1  0
19  1  0
20  1  0
21  1  0
22  1  0
23  1  0
24  1  0
25  1  0
26  1  0
27  1  0
28  1  0
1  2  0
2  2  0
3  2  0
4  2  0
5  2  0
6  2  0
7  2  0
8  2  0
9  2  0
10  2  0
11  2  0
12  2  0
13  2  0
14  2  0
15  2  0
16  2  0
17  2  0
18  2  0
19  2  0
20  2  0
21  2  0
22  2  0
23  2  0
24  2  0
25  2  0
26  2  0
27  2  0
28  2  0
1  3  0
2  3  0
3  3  0
4  3  0
5  3  0
6  3  0
7  3  0
8  3  0
9  3  0
10  3  0
11  3  0
12  3  0
13  3  226
14  3  253
15  3  84
16  3  0
17  3  0
18  3  0
19  3  0
20  3  0
21  3  0
22  3  0
23  3  0
24  3  0
25  3  0
26  3  0
27  3  0
28  3  0
1  4  0
2  4  0
3  4  0
4  4  0
5  4  0
6  4  0
7  4  0
8  4  0
9  4  0
10  4  0
11  4  0
12  4  0
13  4  225
14  4  252
15  4  234
16  4  100
17  4  0
18  4  0
19  4  0
20  4  0
21  4  0
22  4  0
23  4  0
24  4  0
25  4  0
26  4  0
27  4  0
28  4  0
1  5  0
2  5  0
3  5  0
4  5  0
5  5  0
6  5  0
7  5  0
8  5  0
9  5  0
10  5  0
11  5  0
12  5  120
13  5  246
14  5  252
15  5  230
16  5  25
17  5  0
18  5  0
19  5  0
20  5  0
21  5  0
22  5  0
23  5  0
24  5  0
25  5  0
26  5  0
27  5  0
28  5  0
1  6  0
2  6  0
3  6  0
4  6  0
5  6  0
6  6  0
7  6  0
8  6  0
9  6  0
10  6  0
11  6  16
12  6  253
13  6  252
14  6  252
15  6  129
16  6  0
17  6  0
18  6  0
19  6  0
20  6  0
21  6  0
22  6  0
23  6  0
24  6  0
25  6  0
26  6  0
27  6  0
28  6  0
1  7  0
2  7  0
3  7  0
4  7  0
5  7  0
6  7  0
7  7  0
8  7  0
9  7  0
10  7  0
11  7  140
12  7  253
13  7  252
14  7  220
15  7  37
16  7  0
17  7  0
18  7  0
19  7  0
20  7  0
21  7  0
22  7  0
23  7  0
24  7  0
25  7  0
26  7  0
27  7  0
28  7  0
1  8  0
2  8  0
3  8  0
4  8  0
5  8  0
6  8  0
7  8  0
8  8  0
9  8  0
10  8  92
11  8  253
12  8  255
13  8  253
14  8  133
15  8  0
16  8  0
17  8  0
18  8  0
19  8  0
20  8  0
21  8  0
22  8  0
23  8  0
24  8  0
25  8  0
26  8  0
27  8  0
28  8  0
1  9  0
2  9  0
3  9  0
4  9  0
5  9  0
6  9  0
7  9  0
8  9  0
9  9  51
10  9  243
11  9  252
12  9  253
13  9  51
14  9  6
15  9  0
16  9  0
17  9  0
18  9  0
19  9  0
20  9  0
21  9  0
22  9  0
23  9  0
24  9  0
25  9  0
26  9  0
27  9  0
28  9  0
1  10  0
2  10  0
3  10  0
4  10  0
5  10  0
6  10  0
7  10  0
8  10  0
9  10  166
10  10  252
11  10  252
12  10  228
13  10  21
14  10  0
15  10  0
16  10  0
17  10  0
18  10  0
19  10  0
20  10  0
21  10  0
22  10  0
23  10  0
24  10  0
25  10  0
26  10  0
27  10  0
28  10  0
1  11  0
2  11  0
3  11  0
4  11  0
5  11  0
6  11  0
7  11  0
8  11  0
9  11  197
10  11  252
11  11  252
12  11  126
13  11  0
14  11  0
15  11  0
16  11  0
17  11  0
18  11  0
19  11  0
20  11  0
21  11  0
22  11  0
23  11  0
24  11  0
25  11  0
26  11  0
27  11  0
28  11  0
1  12  0
2  12  0
3  12  0
4  12  0
5  12  0
6  12  0
7  12  0
8  12  48
9  12  227
10  12  252
11  12  173
12  12  0
13  12  0
14  12  0
15  12  0
16  12  0
17  12  0
18  12  0
19  12  0
20  12  0
21  12  0
22  12  0
23  12  0
24  12  0
25  12  0
26  12  0
27  12  0
28  12  0
1  13  0
2  13  0
3  13  0
4  13  0
5  13  0
6  13  0
7  13  0
8  13  38
9  13  222
10  13  253
11  13  253
12  13  0
13  13  0
14  13  0
15  13  0
16  13  0
17  13  0
18  13  0
19  13  0
20  13  0
21  13  0
22  13  0
23  13  0
24  13  0
25  13  0
26  13  0
27  13  0
28  13  0
1  14  0
2  14  0
3  14  0
4  14  0
5  14  0
6  14  0
7  14  0
8  14  85
9  14  252
10  14  252
11  14  252
12  14  0
13  14  0
14  14  0
15  14  0
16  14  0
17  14  0
18  14  0
19  14  19
20  14  178
21  14  225
22  14  226
23  14  225
24  14  193
25  14  28
26  14  0
27  14  0
28  14  0
1  15  0
2  15  0
3  15  0
4  15  0
5  15  0
6  15  0
7  15  0
8  15  117
9  15  252
10  15  252
11  15  220
12  15  0
13  15  0
14  15  0
15  15  0
16  15  0
17  15  198
18  15  119
19  15  209
20  15  252
21  15  252
22  15  253
23  15  252
24  15  252
25  15  84
26  15  0
27  15  0
28  15  0
1  16  0
2  16  0
3  16  0
4  16  0
5  16  0
6  16  0
7  16  0
8  16  225
9  16  252
10  16  252
11  16  112
12  16  0
13  16  0
14  16  0
15  16  0
16  16  16
17  16  253
18  16  252
19  16  252
20  16  252
21  16  252
22  16  253
23  16  252
24  16  252
25  16  84
26  16  0
27  16  0
28  16  0
1  17  0
2  17  0
3  17  0
4  17  0
5  17  0
6  17  0
7  17  0
8  17  225
9  17  252
10  17  252
11  17  112
12  17  0
13  17  0
14  17  0
15  17  0
16  17  140
17  17  253
18  17  252
19  17  252
20  17  252
21  17  252
22  17  253
23  17  252
24  17  252
25  17  84
26  17  0
27  17  0
28  17  0
1  18  0
2  18  0
3  18  0
4  18  0
5  18  0
6  18  0
7  18  0
8  18  226
9  18  253
10  18  253
11  18  174
12  18  63
13  18  0
14  18  26
15  18  207
16  18  253
17  18  255
18  18  253
19  18  253
20  18  253
21  18  253
22  18  255
23  18  253
24  18  133
25  18  0
26  18  0
27  18  0
28  18  0
1  19  0
2  19  0
3  19  0
4  19  0
5  19  0
6  19  0
7  19  0
8  19  225
9  19  252
10  19  252
11  19  252
12  19  241
13  19  225
14  19  231
15  19  252
16  19  252
17  19  253
18  19  252
19  19  252
20  19  252
21  19  252
22  19  253
23  19  51
24  19  6
25  19  0
26  19  0
27  19  0
28  19  0
1  20  0
2  20  0
3  20  0
4  20  0
5  20  0
6  20  0
7  20  0
8  20  50
9  20  209
10  20  252
11  20  252
12  20  253
13  20  252
14  20  252
15  20  252
16  20  252
17  20  253
18  20  252
19  20  252
20  20  252
21  20  220
22  20  56
23  20  6
24  20  0
25  20  0
26  20  0
27  20  0
28  20  0
1  21  0
2  21  0
3  21  0
4  21  0
5  21  0
6  21  0
7  21  0
8  21  0
9  21  97
10  21  223
11  21  239
12  21  253
13  21  252
14  21  252
15  21  252
16  21  252
17  21  253
18  21  252
19  21  245
20  21  129
21  21  37
22  21  0
23  21  0
24  21  0
25  21  0
26  21  0
27  21  0
28  21  0
1  22  0
2  22  0
3  22  0
4  22  0
5  22  0
6  22  0
7  22  0
8  22  0
9  22  0
10  22  0
11  22  63
12  22  112
13  22  237
14  22  252
15  22  252
16  22  252
17  22  253
18  22  127
19  22  87
20  22  0
21  22  0
22  22  0
23  22  0
24  22  0
25  22  0
26  22  0
27  22  0
28  22  0
1  23  0
2  23  0
3  23  0
4  23  0
5  23  0
6  23  0
7  23  0
8  23  0
9  23  0
10  23  0
11  23  0
12  23  0
13  23  0
14  23  0
15  23  0
16  23  0
17  23  0
18  23  0
19  23  0
20  23  0
21  23  0
22  23  0
23  23  0
24  23  0
25  23  0
26  23  0
27  23  0
28  23  0
1  24  0
2  24  0
3  24  0
4  24  0
5  24  0
6  24  0
7  24  0
8  24  0
9  24  0
10  24  0
11  24  0
12  24  0
13  24  0
14  24  0
15  24  0
16  24  0
17  24  0
18  24  0
19  24  0
20  24  0
21  24  0
22  24  0
23  24  0
24  24  0
25  24  0
26  24  0
27  24  0
28  24  0
1  25  0
2  25  0
3  25  0
4  25  0
5  25  0
6  25  0
7  25  0
8  25  0
9  25  0
10  25  0
11  25  0
12  25  0
13  25  0
14  25  0
15  25  0
16  25  0
17  25  0
18  25  0
19  25  0
20  25  0
21  25  0
22  25  0
23  25  0
24  25  0
25  25  0
26  25  0
27  25  0
28  25  0
1  26  0
2  26  0
3  26  0
4  26  0
5  26  0
6  26  0
7  26  0
8  26  0
9  26  0
10  26  0
11  26  0
12  26  0
13  26  0
14  26  0
15  26  0
16  26  0
17  26  0
18  26  0
19  26  0
20  26  0
21  26  0
22  26  0
23  26  0
24  26  0
25  26  0
26  26  0
27  26  0
28  26  0
1  27  0
2  27  0
3  27  0
4  27  0
5  27  0
6  27  0
7  27  0
8  27  0
9  27  0
10  27  0
11  27  0
12  27  0
13  27  0
14  27  0
15  27  0
16  27  0
17  27  0
18  27  0
19  27  0
20  27  0
21  27  0
22  27  0
23  27  0
24  27  0
25  27  0
26  27  0
27  27  0
28  27  0
1  28  0
2  28  0
3  28  0
4  28  0
5  28  0
6  28  0
7  28  0
8  28  0
9  28  0
10  28  0
11  28  0
12  28  0
13  28  0
14  28  0
15  28  0
16  28  0
17  28  0
18  28  0
19  28  0
20  28  0
21  28  0
22  28  0
23  28  0
24  28  0
25  28  0
26  28  0
27  28  0
28  28  0
