1  1  0
2  1  0
3  1  0
4  1  0
5  1  0
6  1  0
7  1  0
8  1  0
9  1  0
10  1  0
11  1  0
12  1  0
13  1  0
14  1  0
15  1  0
16  1  0
17  1  0
18  1  0
19  1  0
20  1  0
21  1  0
22  1  0
23  1  0
24  1  0
25  1  0
26  1  0
27  1  0
28  1  0
1  2  0
2  2  0
3  2  0
4  2  0
5  2  0
6  2  0
7  2  0
8  2  0
9  2  0
10  2  0
11  2  0
12  2  0
13  2  0
14  2  0
15  2  0
16  2  0
17  2  0
18  2  0
19  2  0
20  2  0
21  2  0
22  2  0
23  2  0
24  2  0
25  2  0
26  2  0
27  2  0
28  2  0
1  3  0
2  3  0
3  3  0
4  3  0
5  3  0
6  3  0
7  3  0
8  3  0
9  3  0
10  3  0
11  3  0
12  3  0
13  3  0
14  3  0
15  3  0
16  3  0
17  3  0
18  3  0
19  3  0
20  3  0
21  3  0
22  3  0
23  3  0
24  3  0
25  3  0
26  3  0
27  3  0
28  3  0
1  4  0
2  4  0
3  4  0
4  4  0
5  4  0
6  4  0
7  4  0
8  4  0
9  4  0
10  4  0
11  4  0
12  4  0
13  4  0
14  4  0
15  4  0
16  4  0
17  4  0
18  4  0
19  4  0
20  4  0
21  4  0
22  4  0
23  4  0
24  4  0
25  4  0
26  4  0
27  4  0
28  4  0
1  5  0
2  5  0
3  5  0
4  5  0
5  5  0
6  5  0
7  5  0
8  5  0
9  5  0
10  5  19
11  5  29
12  5  79
13  5  141
14  5  141
15  5  141
16  5  241
17  5  192
18  5  116
19  5  7
20  5  0
21  5  0
22  5  0
23  5  0
24  5  0
25  5  0
26  5  0
27  5  0
28  5  0
1  6  0
2  6  0
3  6  0
4  6  0
5  6  0
6  6  0
7  6  0
8  6  0
9  6  170
10  6  225
11  6  252
12  6  252
13  6  253
14  6  252
15  6  252
16  6  252
17  6  253
18  6  252
19  6  149
20  6  7
21  6  0
22  6  0
23  6  0
24  6  0
25  6  0
26  6  0
27  6  0
28  6  0
1  7  0
2  7  0
3  7  0
4  7  0
5  7  0
6  7  0
7  7  0
8  7  0
9  7  253
10  7  252
11  7  252
12  7  252
13  7  244
14  7  168
15  7  234
16  7  252
17  7  216
18  7  252
19  7  252
20  7  153
21  7  0
22  7  0
23  7  0
24  7  0
25  7  0
26  7  0
27  7  0
28  7  0
1  8  0
2  8  0
3  8  0
4  8  0
5  8  0
6  8  0
7  8  0
8  8  0
9  8  40
10  8  139
11  8  103
12  8  28
13  8  25
14  8  0
15  8  22
16  8  28
17  8  28
18  8  215
19  8  252
20  8  252
21  8  101
22  8  0
23  8  0
24  8  0
25  8  0
26  8  0
27  8  0
28  8  0
1  9  0
2  9  0
3  9  0
4  9  0
5  9  0
6  9  0
7  9  0
8  9  0
9  9  0
10  9  0
11  9  0
12  9  0
13  9  0
14  9  0
15  9  0
16  9  0
17  9  4
18  9  179
19  9  253
20  9  241
21  9  0
22  9  0
23  9  0
24  9  0
25  9  0
26  9  0
27  9  0
28  9  0
1  10  0
2  10  0
3  10  0
4  10  0
5  10  0
6  10  0
7  10  0
8  10  0
9  10  0
10  10  0
11  10  0
12  10  0
13  10  0
14  10  0
15  10  0
16  10  0
17  10  54
18  10  252
19  10  252
20  10  139
21  10  0
22  10  0
23  10  0
24  10  0
25  10  0
26  10  0
27  10  0
28  10  0
1  11  0
2  11  0
3  11  0
4  11  0
5  11  0
6  11  0
7  11  0
8  11  0
9  11  0
10  11  0
11  11  0
12  11  0
13  11  0
14  11  0
15  11  0
16  11  76
17  11  229
18  11  252
19  11  252
20  11  103
21  11  0
22  11  0
23  11  0
24  11  0
25  11  0
26  11  0
27  11  0
28  11  0
1  12  0
2  12  0
3  12  0
4  12  0
5  12  0
6  12  0
7  12  0
8  12  0
9  12  0
10  12  0
11  12  0
12  12  51
13  12  114
14  12  138
15  12  225
16  12  249
17  12  253
18  12  252
19  12  127
20  12  3
21  12  0
22  12  0
23  12  0
24  12  0
25  12  0
26  12  0
27  12  0
28  12  0
1  13  0
2  13  0
3  13  0
4  13  0
5  13  0
6  13  0
7  13  0
8  13  0
9  13  0
10  13  7
11  13  154
12  13  253
13  13  255
14  13  253
15  13  253
16  13  253
17  13  255
18  13  253
19  13  253
20  13  91
21  13  0
22  13  0
23  13  0
24  13  0
25  13  0
26  13  0
27  13  0
28  13  0
1  14  0
2  14  0
3  14  0
4  14  0
5  14  0
6  14  0
7  14  0
8  14  0
9  14  0
10  14  57
11  14  252
12  14  252
13  14  253
14  14  252
15  14  252
16  14  252
17  14  253
18  14  252
19  14  252
20  14  215
21  14  51
22  14  0
23  14  0
24  14  0
25  14  0
26  14  0
27  14  0
28  14  0
1  15  0
2  15  0
3  15  0
4  15  0
5  15  0
6  15  0
7  15  0
8  15  0
9  15  0
10  15  13
11  15  209
12  15  252
13  15  168
14  15  93
15  15  56
16  15  56
17  15  69
18  15  224
19  15  252
20  15  252
21  15  235
22  15  28
23  15  0
24  15  0
25  15  0
26  15  0
27  15  0
28  15  0
1  16  0
2  16  0
3  16  0
4  16  0
5  16  0
6  16  0
7  16  0
8  16  0
9  16  0
10  16  0
11  16  22
12  16  28
13  16  0
14  16  0
15  16  0
16  16  0
17  16  0
18  16  19
19  16  203
20  16  252
21  16  253
22  16  184
23  16  0
24  16  0
25  16  0
26  16  0
27  16  0
28  16  0
1  17  0
2  17  0
3  17  0
4  17  0
5  17  0
6  17  0
7  17  0
8  17  0
9  17  0
10  17  0
11  17  0
12  17  0
13  17  0
14  17  0
15  17  0
16  17  0
17  17  0
18  17  0
19  17  86
20  17  253
21  17  255
22  17  197
23  17  0
24  17  0
25  17  0
26  17  0
27  17  0
28  17  0
1  18  0
2  18  0
3  18  0
4  18  0
5  18  0
6  18  0
7  18  19
8  18  107
9  18  163
10  18  38
11  18  0
12  18  0
13  18  0
14  18  0
15  18  0
16  18  0
17  18  0
18  18  0
19  18  110
20  18  252
21  18  253
22  18  196
23  18  0
24  18  0
25  18  0
26  18  0
27  18  0
28  18  0
1  19  0
2  19  0
3  19  0
4  19  0
5  19  0
6  19  0
7  19  172
8  19  252
9  19  187
10  19  0
11  19  0
12  19  0
13  19  0
14  19  0
15  19  0
16  19  0
17  19  0
18  19  19
19  19  215
20  19  252
21  19  253
22  19  158
23  19  0
24  19  0
25  19  0
26  19  0
27  19  0
28  19  0
1  20  0
2  20  0
3  20  0
4  20  0
5  20  0
6  20  26
7  20  222
8  20  252
9  20  113
10  20  0
11  20  0
12  20  0
13  20  0
14  20  0
15  20  0
16  20  0
17  20  63
18  20  194
19  20  252
20  20  252
21  20  228
22  20  9
23  20  0
24  20  0
25  20  0
26  20  0
27  20  0
28  20  0
1  21  0
2  21  0
3  21  0
4  21  0
5  21  0
6  21  51
7  21  247
8  21  253
9  21  242
10  21  66
11  21  29
12  21  29
13  21  29
14  21  54
15  21  141
16  21  141
17  21  255
18  21  253
19  21  253
20  21  241
21  21  151
22  21  0
23  21  0
24  21  0
25  21  0
26  21  0
27  21  0
28  21  0
1  22  0
2  22  0
3  22  0
4  22  0
5  22  0
6  22  0
7  22  197
8  22  252
9  22  253
10  22  252
11  22  252
12  22  252
13  22  253
14  22  252
15  22  252
16  22  252
17  22  253
18  22  252
19  22  208
20  22  59
21  22  0
22  22  0
23  22  0
24  22  0
25  22  0
26  22  0
27  22  0
28  22  0
1  23  0
2  23  0
3  23  0
4  23  0
5  23  0
6  23  0
7  23  81
8  23  243
9  23  253
10  23  252
11  23  252
12  23  252
13  23  253
14  23  252
15  23  252
16  23  252
17  23  244
18  23  142
19  23  13
20  23  0
21  23  0
22  23  0
23  23  0
24  23  0
25  23  0
26  23  0
27  23  0
28  23  0
1  24  0
2  24  0
3  24  0
4  24  0
5  24  0
6  24  0
7  24  0
8  24  25
9  24  91
10  24  165
11  24  252
12  24  252
13  24  253
14  24  252
15  24  164
16  24  90
17  24  25
18  24  0
19  24  0
20  24  0
21  24  0
22  24  0
23  24  0
24  24  0
25  24  0
26  24  0
27  24  0
28  24  0
1  25  0
2  25  0
3  25  0
4  25  0
5  25  0
6  25  0
7  25  0
8  25  0
9  25  0
10  25  0
11  25  0
12  25  0
13  25  0
14  25  0
15  25  0
16  25  0
17  25  0
18  25  0
19  25  0
20  25  0
21  25  0
22  25  0
23  25  0
24  25  0
25  25  0
26  25  0
27  25  0
28  25  0
1  26  0
2  26  0
3  26  0
4  26  0
5  26  0
6  26  0
7  26  0
8  26  0
9  26  0
10  26  0
11  26  0
12  26  0
13  26  0
14  26  0
15  26  0
16  26  0
17  26  0
18  26  0
19  26  0
20  26  0
21  26  0
22  26  0
23  26  0
24  26  0
25  26  0
26  26  0
27  26  0
28  26  0
1  27  0
2  27  0
3  27  0
4  27  0
5  27  0
6  27  0
7  27  0
8  27  0
9  27  0
10  27  0
11  27  0
12  27  0
13  27  0
14  27  0
15  27  0
16  27  0
17  27  0
18  27  0
19  27  0
20  27  0
21  27  0
22  27  0
23  27  0
24  27  0
25  27  0
26  27  0
27  27  0
28  27  0
1  28  0
2  28  0
3  28  0
4  28  0
5  28  0
6  28  0
7  28  0
8  28  0
9  28  0
10  28  0
11  28  0
12  28  0
13  28  0
14  28  0
15  28  0
16  28  0
17  28  0
18  28  0
19  28  0
20  28  0
21  28  0
22  28  0
23  28  0
24  28  0
25  28  0
26  28  0
27  28  0
28  28  0
